,player_id,Points
0,105,2335
72,64,2335
62,59,2335
66,60,2335
68,16,2335
71,18,2335
69,29,2335
74,94,2335
75,148,2335
60,120,2335
73,123,1978
70,53,1978
1,109,1978
65,98,1978
64,92,1978
63,138,1978
61,51,1978
2,11,1863
67,73,1857
76,130,1857
77,100,1857
3,115,1857
4,97,1778
5,162,1759
6,58,1741
7,135,1698
8,113,1655
9,139,1618
10,13,1556
11,124,1553
12,9,1547
13,17,1543
14,129,1530
15,145,1504
16,39,1477
17,66,1456
18,54,1411
19,155,1382
20,36,1371
21,178,1349
22,144,1331
23,183,1326
24,101,1318
25,48,1297
26,117,1275
27,21,1248
28,153,1232
29,142,1229
30,163,1221
31,14,1215
78,99,2015
154,42,2015
150,141,2015
148,61,2015
147,122,2015
146,132,2015
142,78,2015
141,95,2015
153,28,1928
152,128,1928
149,104,1928
145,119,1928
144,157,1928
140,77,1928
156,70,1928
139,159,1898
155,181,1898
143,133,1898
151,23,1898
138,177,1898
87,87,1647
93,50,1461
96,25,1451
95,38,1451
99,121,1430
100,180,1407
102,112,1392
104,6,1320
107,79,1283
110,2,1264
111,71,1260
112,35,1259
229,55,2155
226,131,2155
225,52,2155
223,93,2155
222,90,2155
221,149,2155
219,96,2155
218,10,2155
217,170,2155
228,140,2079
227,4,2079
224,22,2079
220,152,2079
230,15,2079
165,33,1818
168,175,1643
171,82,1613
172,172,1564
176,174,1508
177,63,1473
180,88,1438
185,67,1405
187,76,1384
193,26,1367
195,146,1321
196,1,1320
298,3,2225
293,118,2225
294,37,2225
295,30,2225
297,40,2225
299,156,2225
302,150,2225
305,74,2225
306,169,2225
300,188,2183
301,62,2183
296,102,2183
303,190,2183
304,47,2183
307,106,2183
246,114,1691
248,41,1683
250,185,1671
254,191,1633
261,5,1529
265,8,1505
267,45,1485
383,83,2370
382,165,2370
380,27,2370
378,34,2370
377,167,2370
376,166,2370
375,46,2370
373,44,2370
372,86,2370
381,69,2222
379,68,2222
371,89,2222
369,134,2222
368,160,2222
384,192,2222
374,164,2085
322,7,1816
323,24,1804
337,189,1522
338,186,1509
340,43,1486
341,193,1482
